# anisotropic GGX single-scattering albedo: true E vs isotropic E at alpha_e (F = 1)
# columns: alpha_t alpha_b mu phi E_true  err_a err_b err_c   (err = E_iso(alpha_e) - E_true)
 0.20  0.05 1.00 0.000  0.97184  +0.01648 -0.02417 +0.01648
 0.20  0.05 1.00 0.393  0.97184  +0.01648 -0.01645 +0.01648
 0.20  0.05 1.00 0.785  0.97184  +0.01648 +0.00186 +0.01648
 0.20  0.05 1.00 1.178  0.97184  +0.01648 +0.01926 +0.01648
 0.20  0.05 1.00 1.571  0.97184  +0.01648 +0.02549 +0.01648
 0.20  0.05 0.90 0.000  0.96591  +0.02084 -0.02438 +0.01265
 0.20  0.05 0.90 0.393  0.96670  +0.02005 -0.01674 +0.01315
 0.20  0.05 0.90 0.785  0.96864  +0.01810 +0.00158 +0.01488
 0.20  0.05 0.90 1.178  0.97063  +0.01612 +0.01912 +0.01653
 0.20  0.05 0.90 1.571  0.97146  +0.01528 +0.02566 +0.01744
 0.20  0.05 0.70 0.000  0.94831  +0.03312 -0.02470 +0.00284
 0.20  0.05 0.70 0.393  0.95111  +0.03032 -0.01742 +0.00549
 0.20  0.05 0.70 0.785  0.95840  +0.02304 +0.00077 +0.01171
 0.20  0.05 0.70 1.178  0.96651  +0.01492 +0.01902 +0.01682
 0.20  0.05 0.70 1.571  0.97015  +0.01128 +0.02563 +0.01883
 0.20  0.05 0.50 0.000  0.91972  +0.04949 -0.02449 -0.00907
 0.20  0.05 0.50 0.393  0.92438  +0.04482 -0.01804 -0.00454
 0.20  0.05 0.50 0.785  0.93825  +0.03096 -0.00090 +0.00657
 0.20  0.05 0.50 1.178  0.95712  +0.01208 +0.01845 +0.01686
 0.20  0.05 0.50 1.571  0.96692  +0.00229 +0.02584 +0.01968
 0.20  0.05 0.30 0.000  0.88452  +0.05170 -0.02288 -0.01910
 0.20  0.05 0.30 0.393  0.88742  +0.04880 -0.01777 -0.01418
 0.20  0.05 0.30 0.785  0.90013  +0.03609 -0.00366 -0.00094
 0.20  0.05 0.30 1.178  0.93054  +0.00568 +0.01601 +0.01505
 0.20  0.05 0.30 1.571  0.95538  -0.01916 +0.02636 +0.02166
 0.20  0.05 0.15 0.000  0.88765  +0.00072 -0.01937 -0.01924
 0.20  0.05 0.15 0.393  0.88471  +0.00365 -0.01540 -0.01529
 0.20  0.05 0.15 0.785  0.87824  +0.01013 -0.00468 -0.00454
 0.20  0.05 0.15 1.178  0.88416  +0.00421 +0.01131 +0.01112
 0.20  0.05 0.15 1.571  0.91588  -0.02752 +0.02674 +0.02413
 0.20  0.05 0.05 0.000  0.94417  -0.03242 -0.01210 -0.01211
 0.20  0.05 0.05 0.393  0.94070  -0.02894 -0.00969 -0.00970
 0.20  0.05 0.05 0.785  0.92810  -0.01634 -0.00269 -0.00270
 0.20  0.05 0.05 1.178  0.89853  +0.01323 +0.00868 +0.00869
 0.20  0.05 0.05 1.571  0.86591  +0.04584 +0.02396 +0.02400
 0.40  0.10 1.00 0.000  0.87821  +0.06946 -0.09164 +0.06946
 0.40  0.10 1.00 0.393  0.87821  +0.06946 -0.06446 +0.06946
 0.40  0.10 1.00 0.785  0.87821  +0.06946 +0.00607 +0.06946
 0.40  0.10 1.00 1.178  0.87821  +0.06946 +0.08074 +0.06946
 0.40  0.10 1.00 1.571  0.87821  +0.06946 +0.11011 +0.06946
 0.40  0.10 0.90 0.000  0.86733  +0.07419 -0.08979 +0.03961
 0.40  0.10 0.90 0.393  0.86856  +0.07297 -0.06457 +0.04462
 0.40  0.10 0.90 0.785  0.87174  +0.06978 +0.00282 +0.05670
 0.40  0.10 0.90 1.178  0.87528  +0.06624 +0.07859 +0.06855
 0.40  0.10 0.90 1.571  0.87687  +0.06466 +0.10988 +0.07341
 0.40  0.10 0.70 0.000  0.84686  +0.07675 -0.08494 -0.01736
 0.40  0.10 0.70 0.393  0.84897  +0.07464 -0.06373 -0.00444
 0.40  0.10 0.70 0.785  0.85582  +0.06780 -0.00430 +0.02880
 0.40  0.10 0.70 1.178  0.86633  +0.05729 +0.07213 +0.06475
 0.40  0.10 0.70 1.571  0.87230  +0.05131 +0.10913 +0.08007
 0.40  0.10 0.50 0.000  0.83528  +0.05995 -0.07809 -0.05351
 0.40  0.10 0.50 0.393  0.83540  +0.05982 -0.06057 -0.03841
 0.40  0.10 0.50 0.785  0.83841  +0.05682 -0.01086 +0.00320
 0.40  0.10 0.50 1.178  0.85036  +0.04487 +0.06144 +0.05709
 0.40  0.10 0.50 1.571  0.86186  +0.03337 +0.10735 +0.08542
 0.40  0.10 0.30 0.000  0.84921  +0.01242 -0.06730 -0.06237
 0.40  0.10 0.30 0.393  0.84528  +0.01635 -0.05315 -0.04882
 0.40  0.10 0.30 0.785  0.83480  +0.02683 -0.01349 -0.01080
 0.40  0.10 0.30 1.178  0.82704  +0.03459 +0.04678 +0.04554
 0.40  0.10 0.30 1.571  0.83394  +0.02770 +0.10228 +0.09039
 0.40  0.10 0.15 0.000  0.89379  -0.02551 -0.05137 -0.05071
 0.40  0.10 0.15 0.393  0.88853  -0.02026 -0.04077 -0.04024
 0.40  0.10 0.15 0.785  0.87034  -0.00206 -0.01034 -0.01013
 0.40  0.10 0.15 1.178  0.83231  +0.03597 +0.03752 +0.03749
 0.40  0.10 0.15 1.571  0.79657  +0.07171 +0.09179 +0.09002
 0.40  0.10 0.05 0.000  0.95147  -0.01939 -0.02797 -0.02793
 0.40  0.10 0.05 0.393  0.94837  -0.01629 -0.02219 -0.02216
 0.40  0.10 0.05 0.785  0.93658  -0.00450 -0.00473 -0.00472
 0.40  0.10 0.05 1.178  0.90290  +0.02918 +0.02745 +0.02746
 0.40  0.10 0.05 1.571  0.83992  +0.09215 +0.07183 +0.07198
 0.60  0.15 1.00 0.000  0.74882  +0.12853 -0.15730 +0.12853
 0.60  0.15 1.00 0.393  0.74882  +0.12853 -0.11694 +0.12853
 0.60  0.15 1.00 0.785  0.74882  +0.12853 +0.00118 +0.12853
 0.60  0.15 1.00 1.178  0.74882  +0.12853 +0.15370 +0.12853
 0.60  0.15 1.00 1.571  0.74882  +0.12853 +0.22298 +0.12853
 0.60  0.15 0.90 0.000  0.74748  +0.12002 -0.15281 +0.05247
 0.60  0.15 0.90 0.393  0.74730  +0.12021 -0.11534 +0.06435
 0.60  0.15 0.90 0.785  0.74694  +0.12056 -0.00443 +0.09415
 0.60  0.15 0.90 1.178  0.74677  +0.12073 +0.14667 +0.12558
 0.60  0.15 0.90 1.571  0.74675  +0.12075 +0.22144 +0.13905
 0.60  0.15 0.70 0.000  0.75241  +0.09212 -0.14272 -0.05190
 0.60  0.15 0.70 0.393  0.75041  +0.09412 -0.11018 -0.02861
 0.60  0.15 0.70 0.785  0.74564  +0.09889 -0.01379 +0.03563
 0.60  0.15 0.70 1.178  0.74140  +0.10313 +0.12926 +0.11615
 0.60  0.15 0.70 1.571  0.74008  +0.10445 +0.21652 +0.15652
 0.60  0.15 0.50 0.000  0.77242  +0.04929 -0.12975 -0.09721
 0.60  0.15 0.50 0.393  0.76749  +0.05422 -0.10144 -0.07232
 0.60  0.15 0.50 0.785  0.75352  +0.06819 -0.01881 -0.00081
 0.60  0.15 0.50 1.178  0.73563  +0.08608 +0.10840 +0.10248
 0.60  0.15 0.50 1.571  0.72700  +0.09471 +0.20709 +0.16944
 0.60  0.15 0.30 0.000  0.81676  +0.00136 -0.10931 -0.10145
 0.60  0.15 0.30 0.393  0.80964  +0.00848 -0.08593 -0.07908
 0.60  0.15 0.30 0.785  0.78604  +0.03208 -0.01765 -0.01381
 0.60  0.15 0.30 1.178  0.74155  +0.07657 +0.08886 +0.08766
 0.60  0.15 0.30 1.571  0.70479  +0.11333 +0.18852 +0.17522
 0.60  0.15 0.15 0.000  0.87694  -0.01801 -0.08048 -0.07921
 0.60  0.15 0.15 0.393  0.87046  -0.01153 -0.06338 -0.06229
 0.60  0.15 0.15 0.785  0.84684  +0.01209 -0.01203 -0.01148
 0.60  0.15 0.15 1.178  0.78780  +0.07113 +0.07486 +0.07478
 0.60  0.15 0.15 1.571  0.70893  +0.15000 +0.16399 +0.16328
 0.60  0.15 0.05 0.000  0.94260  -0.01118 -0.04240 -0.04233
 0.60  0.15 0.05 0.393  0.93897  -0.00755 -0.03339 -0.03333
 0.60  0.15 0.05 0.785  0.92500  +0.00641 -0.00535 -0.00532
 0.60  0.15 0.05 1.178  0.88356  +0.04785 +0.04918 +0.04918
 0.60  0.15 0.05 1.571  0.80520  +0.12621 +0.12103 +0.12113
 0.80  0.20 1.00 0.000  0.62114  +0.16543 -0.19413 +0.16543
 0.80  0.20 1.00 0.393  0.62114  +0.16543 -0.15187 +0.16543
 0.80  0.20 1.00 0.785  0.62114  +0.16543 -0.01382 +0.16543
 0.80  0.20 1.00 1.178  0.62114  +0.16543 +0.20561 +0.16543
 0.80  0.20 1.00 1.571  0.62114  +0.16543 +0.32653 +0.16543
 0.80  0.20 0.90 0.000  0.63270  +0.14484 -0.19049 +0.05016
 0.80  0.20 0.90 0.393  0.63084  +0.14670 -0.14917 +0.06772
 0.80  0.20 0.90 0.785  0.62616  +0.15138 -0.01690 +0.11320
 0.80  0.20 0.90 1.178  0.62115  +0.15639 +0.19561 +0.16358
 0.80  0.20 0.90 1.571  0.61897  +0.15856 +0.32255 +0.18604
 0.80  0.20 0.70 0.000  0.66313  +0.09878 -0.18121 -0.07847
 0.80  0.20 0.70 0.393  0.65760  +0.10431 -0.14188 -0.04791
 0.80  0.20 0.70 0.785  0.64216  +0.11976 -0.02052 +0.03942
 0.80  0.20 0.70 1.178  0.62255  +0.13937 +0.17420 +0.15657
 0.80  0.20 0.70 1.571  0.61265  +0.14927 +0.31097 +0.22000
 0.80  0.20 0.50 0.000  0.70709  +0.05010 -0.16696 -0.12796
 0.80  0.20 0.50 0.393  0.69860  +0.05859 -0.13051 -0.09518
 0.80  0.20 0.50 0.785  0.67218  +0.08500 -0.02032 +0.00174
 0.80  0.20 0.50 1.178  0.63018  +0.12701 +0.15348 +0.14647
 0.80  0.20 0.50 1.571  0.60320  +0.15399 +0.29203 +0.24344
 0.80  0.20 0.30 0.000  0.77298  +0.00893 -0.14144 -0.13118
 0.80  0.20 0.30 0.393  0.76336  +0.01855 -0.11046 -0.10131
 0.80  0.20 0.30 0.785  0.73022  +0.05169 -0.01632 -0.01097
 0.80  0.20 0.30 1.178  0.66158  +0.12033 +0.13555 +0.13411
 0.80  0.20 0.30 1.571  0.59894  +0.18297 +0.26270 +0.24994
 0.80  0.20 0.15 0.000  0.84921  -0.00679 -0.10417 -0.10242
 0.80  0.20 0.15 0.393  0.84117  +0.00125 -0.08142 -0.07987
 0.80  0.20 0.15 0.785  0.81151  +0.03091 -0.01082 -0.00996
 0.80  0.20 0.15 1.178  0.73585  +0.10657 +0.11436 +0.11419
 0.80  0.20 0.15 1.571  0.63896  +0.20346 +0.22932 +0.22887
 0.80  0.20 0.05 0.000  0.92904  -0.00554 -0.05504 -0.05494
 0.80  0.20 0.05 0.393  0.92459  -0.00108 -0.04305 -0.04296
 0.80  0.20 0.05 0.785  0.90739  +0.01611 -0.00504 -0.00499
 0.80  0.20 0.05 1.178  0.85640  +0.06710 +0.07098 +0.07098
 0.80  0.20 0.05 1.571  0.76681  +0.15669 +0.16526 +0.16531
 1.00  0.25 1.00 0.000  0.51159  +0.17626 -0.20474 +0.17626
 1.00  0.25 1.00 0.393  0.51159  +0.17626 -0.16674 +0.17626
 1.00  0.25 1.00 0.785  0.51159  +0.17626 -0.03120 +0.17626
 1.00  0.25 1.00 1.178  0.51159  +0.17626 +0.22886 +0.17626
 1.00  0.25 1.00 1.571  0.51159  +0.17626 +0.40420 +0.17626
 1.00  0.25 0.90 0.000  0.53145  +0.15251 -0.20394 +0.04086
 1.00  0.25 0.90 0.393  0.52857  +0.15539 -0.16428 +0.06156
 1.00  0.25 0.90 0.785  0.52125  +0.16271 -0.02925 +0.11645
 1.00  0.25 0.90 1.178  0.51334  +0.17062 +0.22009 +0.17954
 1.00  0.25 0.90 1.571  0.50987  +0.17409 +0.39752 +0.20853
 1.00  0.25 0.70 0.000  0.57839  +0.10456 -0.19950 -0.09376
 1.00  0.25 0.70 0.393  0.57061  +0.11235 -0.15777 -0.05911
 1.00  0.25 0.70 0.785  0.54861  +0.13434 -0.02415 +0.04218
 1.00  0.25 0.70 1.178  0.52021  +0.16275 +0.20397 +0.18300
 1.00  0.25 0.70 1.571  0.50573  +0.17722 +0.37961 +0.26197
 1.00  0.25 0.50 0.000  0.63917  +0.05908 -0.18848 -0.14613
 1.00  0.25 0.50 0.393  0.62808  +0.07017 -0.14716 -0.10803
 1.00  0.25 0.50 0.785  0.59330  +0.10495 -0.01809 +0.00748
 1.00  0.25 0.50 1.178  0.53783  +0.16042 +0.19116 +0.18304
 1.00  0.25 0.50 1.571  0.50297  +0.19528 +0.35429 +0.29810
 1.00  0.25 0.30 0.000  0.72357  +0.02170 -0.16347 -0.15168
 1.00  0.25 0.30 0.393  0.71164  +0.03363 -0.12686 -0.11613
 1.00  0.25 0.30 0.785  0.67044  +0.07483 -0.01217 -0.00550
 1.00  0.25 0.30 1.178  0.58667  +0.15860 +0.17819 +0.17635
 1.00  0.25 0.30 1.571  0.51667  +0.22860 +0.32124 +0.30841
 1.00  0.25 0.15 0.000  0.81717  +0.00363 -0.12270 -0.12062
 1.00  0.25 0.15 0.393  0.80742  +0.01339 -0.09524 -0.09337
 1.00  0.25 0.15 0.785  0.77149  +0.04932 -0.00806 -0.00694
 1.00  0.25 0.15 1.178  0.68189  +0.13892 +0.15085 +0.15057
 1.00  0.25 0.15 1.571  0.58043  +0.24038 +0.28401 +0.28323
 1.00  0.25 0.05 0.000  0.91377  -0.00123 -0.06603 -0.06590
 1.00  0.25 0.05 0.393  0.90837  +0.00417 -0.05135 -0.05125
 1.00  0.25 0.05 0.785  0.88761  +0.02493 -0.00420 -0.00414
 1.00  0.25 0.05 1.178  0.82702  +0.08552 +0.09159 +0.09157
 1.00  0.25 0.05 1.571  0.72948  +0.18306 +0.20365 +0.20364
 0.50  0.05 1.00 0.000  0.82183  +0.14665 -0.13398 +0.14665
 0.50  0.05 1.00 0.393  0.82183  +0.14665 -0.09662 +0.14665
 0.50  0.05 1.00 0.785  0.82183  +0.14665 +0.00703 +0.14665
 0.50  0.05 1.00 1.178  0.82183  +0.14665 +0.12758 +0.14665
 0.50  0.05 1.00 1.571  0.82183  +0.14665 +0.17550 +0.14665
 0.50  0.05 0.90 0.000  0.81424  +0.15020 -0.13028 +0.08535
 0.50  0.05 0.90 0.393  0.81511  +0.14933 -0.09608 +0.09472
 0.50  0.05 0.90 0.785  0.81746  +0.14698 +0.00137 +0.11754
 0.50  0.05 0.90 1.178  0.82025  +0.14419 +0.12316 +0.14023
 0.50  0.05 0.90 1.571  0.82155  +0.14289 +0.17557 +0.14945
 0.50  0.05 0.70 0.000  0.80454  +0.14722 -0.12158 -0.02120
 0.50  0.05 0.70 0.393  0.80519  +0.14657 -0.09311 -0.00069
 0.50  0.05 0.70 0.785  0.80840  +0.14335 -0.00978 +0.05521
 0.50  0.05 0.70 1.178  0.81559  +0.13617 +0.11028 +0.12280
 0.50  0.05 0.70 1.571  0.82058  +0.13117 +0.17520 +0.15394
 0.50  0.05 0.50 0.000  0.80852  +0.11937 -0.11027 -0.07551
 0.50  0.05 0.50 0.393  0.80656  +0.12134 -0.08658 -0.05433
 0.50  0.05 0.50 0.785  0.80334  +0.12456 -0.01823 +0.00637
 0.50  0.05 0.50 1.178  0.80804  +0.11986 +0.08966 +0.09664
 0.50  0.05 0.50 1.571  0.81824  +0.10966 +0.17452 +0.15693
 0.50  0.05 0.30 0.000  0.83817  +0.04927 -0.09290 -0.08521
 0.50  0.05 0.30 0.393  0.83301  +0.05442 -0.07378 -0.06691
 0.50  0.05 0.30 0.785  0.81780  +0.06964 -0.01985 -0.01515
 0.50  0.05 0.30 1.178  0.80079  +0.08665 +0.06255 +0.06432
 0.50  0.05 0.30 1.571  0.81001  +0.07743 +0.17173 +0.15724
 0.50  0.05 0.15 0.000  0.88935  -0.01750 -0.06854 -0.06736
 0.50  0.05 0.15 0.393  0.88390  -0.01205 -0.05452 -0.05350
 0.50  0.05 0.15 0.785  0.86473  +0.00712 -0.01413 -0.01359
 0.50  0.05 0.15 1.178  0.82174  +0.05011 +0.04677 +0.04682
 0.50  0.05 0.15 1.571  0.78166  +0.09019 +0.16096 +0.15346
 0.50  0.05 0.05 0.000  0.94857  -0.02096 -0.03603 -0.03597
 0.50  0.05 0.05 0.393  0.94544  -0.01783 -0.02854 -0.02849
 0.50  0.05 0.05 0.785  0.93363  -0.00602 -0.00605 -0.00602
 0.50  0.05 0.05 1.178  0.89830  +0.02931 +0.03357 +0.03357
 0.50  0.05 0.05 1.571  0.75710  +0.17051 +0.13277 +0.13288
 1.00  0.10 1.00 0.000  0.52943  +0.33426 -0.22258 +0.33426
 1.00  0.10 1.00 0.393  0.52943  +0.33426 -0.18221 +0.33426
 1.00  0.10 1.00 0.785  0.52943  +0.33426 -0.03442 +0.33426
 1.00  0.10 1.00 1.178  0.52943  +0.33426 +0.26322 +0.33426
 1.00  0.10 1.00 1.571  0.52943  +0.33426 +0.45888 +0.33426
 1.00  0.10 0.90 0.000  0.54810  +0.30552 -0.22059 +0.11696
 1.00  0.10 0.90 0.393  0.54555  +0.30806 -0.17899 +0.14450
 1.00  0.10 0.90 0.785  0.53909  +0.31452 -0.03353 +0.21908
 1.00  0.10 0.90 1.178  0.53212  +0.32150 +0.25132 +0.30737
 1.00  0.10 0.90 1.571  0.52906  +0.32456 +0.45769 +0.34850
 1.00  0.10 0.70 0.000  0.59234  +0.23873 -0.21345 -0.07943
 1.00  0.10 0.70 0.393  0.58545  +0.24563 -0.17054 -0.04054
 1.00  0.10 0.70 0.785  0.56602  +0.26505 -0.03014 +0.07685
 1.00  0.10 0.70 1.178  0.54083  +0.29024 +0.22624 +0.25571
 1.00  0.10 0.70 1.571  0.52780  +0.30327 +0.45363 +0.37127
 1.00  0.10 0.50 0.000  0.64990  +0.16080 -0.19921 -0.14737
 1.00  0.10 0.50 0.393  0.64002  +0.17068 -0.15729 -0.10767
 1.00  0.10 0.50 0.785  0.60926  +0.20144 -0.02480 +0.01440
 1.00  0.10 0.50 1.178  0.55920  +0.25150 +0.20186 +0.21294
 1.00  0.10 0.50 1.571  0.52502  +0.28568 +0.44419 +0.38563
 1.00  0.10 0.30 0.000  0.73038  +0.08172 -0.17028 -0.15606
 1.00  0.10 0.30 0.393  0.71966  +0.09245 -0.13342 -0.12004
 1.00  0.10 0.30 0.785  0.68308  +0.12903 -0.01789 -0.00794
 1.00  0.10 0.30 1.178  0.60531  +0.20680 +0.17887 +0.18115
 1.00  0.10 0.30 1.571  0.51819  +0.29392 +0.41803 +0.38714
 1.00  0.10 0.15 0.000  0.82051  +0.03620 -0.12604 -0.12353
 1.00  0.10 0.15 0.393  0.81162  +0.04509 -0.09840 -0.09607
 1.00  0.10 0.15 0.785  0.77947  +0.07725 -0.01132 -0.00966
 1.00  0.10 0.15 1.178  0.69517  +0.16154 +0.14847 +0.14877
 1.00  0.10 0.15 1.571  0.51824  +0.33847 +0.37012 +0.36535
 1.00  0.10 0.05 0.000  0.91463  +0.01584 -0.06688 -0.06674
 1.00  0.10 0.05 0.393  0.90962  +0.02084 -0.05206 -0.05193
 1.00  0.10 0.05 0.785  0.89083  +0.03964 -0.00501 -0.00492
 1.00  0.10 0.05 1.178  0.83417  +0.09629 +0.08995 +0.08997
 1.00  0.10 0.05 1.571  0.60927  +0.32119 +0.30248 +0.30292
 0.30  0.20 1.00 0.000  0.91127  +0.00808 -0.03392 +0.00808
 0.30  0.20 1.00 0.393  0.91127  +0.00808 -0.02379 +0.00808
 0.30  0.20 1.00 0.785  0.91127  +0.00808 +0.00098 +0.00808
 0.30  0.20 1.00 1.178  0.91127  +0.00808 +0.02603 +0.00808
 0.30  0.20 1.00 1.571  0.91127  +0.00808 +0.03639 +0.00808
 0.30  0.20 0.90 0.000  0.90099  +0.01014 -0.03348 +0.00164
 0.30  0.20 0.90 0.393  0.90161  +0.00952 -0.02372 +0.00308
 0.30  0.20 0.90 0.785  0.90314  +0.00798 +0.00053 +0.00655
 0.30  0.20 0.90 1.178  0.90475  +0.00638 +0.02555 +0.00999
 0.30  0.20 0.90 1.571  0.90543  +0.00569 +0.03610 +0.01141
 0.30  0.20 0.70 0.000  0.87680  +0.01256 -0.03227 -0.01120
 0.30  0.20 0.70 0.393  0.87819  +0.01117 -0.02336 -0.00697
 0.30  0.20 0.70 0.785  0.88193  +0.00743 -0.00056 +0.00333
 0.30  0.20 0.70 1.178  0.88633  +0.00303 +0.02428 +0.01368
 0.30  0.20 0.70 1.571  0.88838  +0.00098 +0.03523 +0.01795
 0.30  0.20 0.50 0.000  0.85203  +0.00897 -0.03032 -0.02147
 0.30  0.20 0.50 0.393  0.85274  +0.00825 -0.02240 -0.01535
 0.30  0.20 0.50 0.785  0.85523  +0.00576 -0.00160 +0.00021
 0.30  0.20 0.50 1.178  0.85922  +0.00177 +0.02246 +0.01699
 0.30  0.20 0.50 1.571  0.86149  -0.00050 +0.03374 +0.02434
 0.30  0.20 0.30 0.000  0.84520  -0.00513 -0.02708 -0.02538
 0.30  0.20 0.30 0.393  0.84312  -0.00304 -0.02027 -0.01890
 0.30  0.20 0.30 0.785  0.83790  +0.00217 -0.00208 -0.00171
 0.30  0.20 0.30 1.178  0.83268  +0.00740 +0.01997 +0.01869
 0.30  0.20 0.30 1.571  0.83067  +0.00941 +0.03097 +0.02859
 0.30  0.20 0.15 0.000  0.88097  -0.01609 -0.02205 -0.02190
 0.30  0.20 0.15 0.393  0.87705  -0.01216 -0.01656 -0.01646
 0.30  0.20 0.15 0.785  0.86559  -0.00071 -0.00162 -0.00160
 0.30  0.20 0.15 1.178  0.84993  +0.01495 +0.01712 +0.01708
 0.30  0.20 0.15 1.571  0.84151  +0.02338 +0.02677 +0.02669
 0.30  0.20 0.05 0.000  0.94450  -0.01133 -0.01308 -0.01307
 0.30  0.20 0.05 0.393  0.94189  -0.00872 -0.00985 -0.00985
 0.30  0.20 0.05 0.785  0.93381  -0.00065 -0.00075 -0.00075
 0.30  0.20 0.05 1.178  0.92148  +0.01169 +0.01137 +0.01137
 0.30  0.20 0.05 1.571  0.91412  +0.01905 +0.01796 +0.01796
 0.64  0.01 1.00 0.000  0.73403  +0.25847 -0.17887 +0.25847
 0.64  0.01 1.00 0.393  0.73403  +0.25847 -0.13441 +0.25847
 0.64  0.01 1.00 0.785  0.73403  +0.25847 +0.00084 +0.25847
 0.64  0.01 1.00 1.178  0.73403  +0.25847 +0.18522 +0.25847
 0.64  0.01 1.00 1.571  0.73403  +0.25847 +0.26597 +0.25847
 0.64  0.01 0.90 0.000  0.73484  +0.25674 -0.17370 +0.14256
 0.64  0.01 0.90 0.393  0.73462  +0.25696 -0.13246 +0.15928
 0.64  0.01 0.90 0.785  0.73420  +0.25738 -0.00605 +0.20100
 0.64  0.01 0.90 1.178  0.73402  +0.25756 +0.17700 +0.24312
 0.64  0.01 0.90 1.571  0.73403  +0.25756 +0.26597 +0.25959
 0.64  0.01 0.70 0.000  0.74401  +0.24428 -0.16190 -0.03046
 0.64  0.01 0.70 0.393  0.74201  +0.24628 -0.12619 -0.00108
 0.64  0.01 0.70 0.785  0.73750  +0.25079 -0.01776 +0.08376
 0.64  0.01 0.70 1.178  0.73433  +0.25396 +0.15492 +0.20071
 0.64  0.01 0.70 1.571  0.73400  +0.25430 +0.26598 +0.26087
 0.64  0.01 0.50 0.000  0.76760  +0.21272 -0.14638 -0.10066
 0.64  0.01 0.50 0.393  0.76288  +0.21744 -0.11548 -0.07238
 0.64  0.01 0.50 0.785  0.75003  +0.23029 -0.02435 +0.01084
 0.64  0.01 0.50 1.178  0.73658  +0.24374 +0.12431 +0.14629
 0.64  0.01 0.50 1.571  0.73392  +0.24639 +0.26600 +0.26084
 0.64  0.01 0.30 0.000  0.81405  +0.14140 -0.12189 -0.11080
 0.64  0.01 0.30 0.393  0.80733  +0.14812 -0.09656 -0.08639
 0.64  0.01 0.30 0.785  0.78574  +0.16971 -0.02293 -0.01556
 0.64  0.01 0.30 1.178  0.74971  +0.20574 +0.09030 +0.09473
 0.64  0.01 0.30 1.571  0.73366  +0.22180 +0.26605 +0.26209
 0.64  0.01 0.15 0.000  0.87468  +0.02882 -0.08837 -0.08655
 0.64  0.01 0.15 0.393  0.86855  +0.03495 -0.06991 -0.06827
 0.64  0.01 0.15 0.785  0.84674  +0.05676 -0.01523 -0.01415
 0.64  0.01 0.15 1.178  0.79470  +0.10880 +0.07018 +0.07039
 0.64  0.01 0.15 1.571  0.73244  +0.17106 +0.26509 +0.26131
 0.64  0.01 0.05 0.000  0.94083  -0.03818 -0.04578 -0.04568
 0.64  0.01 0.05 0.393  0.93733  -0.03468 -0.03603 -0.03594
 0.64  0.01 0.05 0.785  0.92418  -0.02152 -0.00619 -0.00613
 0.64  0.01 0.05 1.178  0.88569  +0.01697 +0.04748 +0.04748
 0.64  0.01 0.05 1.571  0.72036  +0.18229 +0.25592 +0.25246
# worst |E_iso(alpha_e) - E_true|: {'a': 0.33847, 'b': 0.45888, 'c': 0.38714}
# worst relative error of 1/E (the metal compensation factor): {'a': 0.39509, 'b': 0.72536, 'c': 0.42763}
